74.67835811649599
73.70974124383267
74.12974750051455
71.80739050878985
73.98994320664075
72.34106327414854
72.40512700944201
74.17126751456524
72.04797818707338
72.25115938268058
73.96119251507595
71.25851578352614
72.19142149513524
74.5257151520561
74.71532702013228
74.51230962525229
72.04878825883102
72.10254613767817
73.70888626901234
71.72032833079646
71.43138610830353
72.37146934626317
72.99450596847363
74.10190078000353
73.50519717996309
72.97804631599682
71.92197340319682
72.30999891699831
72.14896929164301
72.96509217923999
74.94716465824618
72.54206229667942
72.34105732766405
72.46649102724649
73.75165652134672
71.43544866049832
73.84308893089506
72.24620935142725
74.48332923244398
74.17955626596745
72.44346357849899
71.86386027401157
73.7398955573539
72.46845690352667
73.06024738727905
72.82737412563179
72.78417010621158
71.42296031887355
72.12607294195897
72.93371350624484
71.8702992992359
74.44374879948012
73.41936611319679
74.3119379999075
71.4115087614297
71.9198093704101
73.00495438367305
71.9329233926251
74.45689519902935
72.89143255273125
72.59525569345311
71.62644660325536
71.11676267424592
74.86740007743734
74.72445568495245
74.3376592738495
72.69077718624735
72.28079209929847
72.92373918027259
71.16686247548553
71.61275316334883
74.08784297402252
71.37877911929444
72.64673407933451
73.32056737533325
72.32178879185948
74.79610232230048
72.32641665120607
73.69666901344357
74.32681954149166
74.69685647472656
71.68756525235426
71.3771017922243
73.40326589757784
72.78725846003766
72.30771810156286
72.43083014481924
72.02036849141048
73.15748166004948
73.27997628997055
72.4586612706795
72.72757501177978
71.59815301838275
74.28642851070614
73.0535464231178
73.67424676427909
73.5259298376245
71.21149085009871
71.36579953447514
74.9164388341128
