43.031145886446865
35.99693171936298
40.713953866463875
39.11572073176123
43.338424708500504
38.89204082790022
38.13353232606598
38.75620298502214
39.279359477114426
38.361944630157
38.19058952363067
43.854808313512514
40.56407830160483
44.56219632798369
37.53272650368689
44.91251632796279
39.80376762757146
39.85824251213619
43.9835774369579
35.95498631294728
42.14725013175179
41.56417315443335
43.27231149847464
41.43544895748616
40.52211203769004
36.82916505763796
47.82825813727134
39.471303545550356
42.51898512549969
36.83620977398963
40.268551471830904
41.178462712417584
40.9001760374084
43.06605483864611
43.68244458512584
39.740004285205195
41.22794411839429
43.48106659484545
40.087588497095055
43.26341498996636
44.943544967394466
37.83464046419059
41.66384087909569
42.53893231307508
39.64978122453895
40.6152007979418
41.11406696175985
42.70784481349975
41.44796412324414
39.904280208192326
40.87853866892577
42.60353196389954
42.36048256926629
43.522393178724215
39.18017229759751
40.8697334672989
43.34111310054699
39.657104059659275
37.236600218358426
38.78609667383251
41.901579292716775
41.09653536804486
36.941316515326314
47.833115990144336
44.77988272949694
40.8746430769745
39.93229568297106
35.59859400228707
40.001233488562654
42.67476021805852
39.42115086501949
38.60264421054708
41.536778358857504
41.038583232963596
39.57762226981181
45.130732893438655
39.250128267468874
41.435427101993014
43.21599847118916
39.297010437056365
39.54040562122408
40.696399750496404
41.40400053991608
40.15137246163711
33.83318622981919
40.09599226519394
43.52010711463325
43.29955799376149
39.92502321651577
42.5378844515431
44.04989755880573
40.09230075414059
44.60880123086534
39.96505553538445
38.53262245306836
38.31590400173116
35.192877348069764
45.908536639382305
42.9237078701611
41.2443340393305
